255 255 255 255 255 255 255  88  88 255 255 255 255 255 255 255
255 255 255 255   0   0   0   0   0   0   0   0 255 255 255 255
255 255 255   0   0 255 255 255 255 255 255   0   0 255 255 255
255 255   0 213 255   0   0   0   0   0   0 255 213   0 255 255
255   0   0 255   0 255 255 255 255 255 255   0 255   0   0 255
255   0 255   0 255 255   0   0   0   0 255 255   0 255   0 255
255   0 255   0 255   0   0   0   0   0   0 255   0 255   0 255
 88   0 255   0 255   0   0   0   0   0   0 255   0 255   0  88
 88   0 255   0 255   0   0   0   0   0   0 255   0 255   0  88
255   0 255   0 255   0   0   0   0   0   0 255   0 255   0 255
255   0 255   0 255 255   0   0   0   0 255 255   0 255   0 255
255   0   0 255   0 255 255 255 255 255 255   0 255   0   0 255
255 255   0 213 255   0   0   0   0   0   0 255 213   0 255 255
255 255 255   0   0 255 255 255 255 255 255   0   0 255 255 255
255 255 255 255   0   0   0   0   0   0   0   0 255 255 255 255
255 255 255 255 255 255 255  88  88 255 255 255 255 255 255 255
255 255 255 255 255 255 255  88  88 255 255 255 255 255 255 255
255 255 255 255   0   0   0   0   0   0   0   0 255 255 255 255
255 255 255   0   0 255 255 255 255 255 255   0   0 255 255 255
255 255   0 213 255   0   0   0   0   0   0 255 213   0 255 255
255   0   0 255   0 255 255 255 255 255 255   0 255   0   0 255
255   0 255   0 255 255   0   0   0   0 255 255   0 255   0 255
255   0 255   0 255   0   0   0   0   0   0 255   0 255   0 255
 88   0 255   0 255   0   0   0   0   0   0 255   0 255   0  88
 88   0 255   0 255   0   0   0   0   0   0 255   0 255   0  88
255   0 255   0 255   0   0   0   0   0   0 255   0 255   0 255
255   0 255   0 255 255   0   0   0   0 255 255   0 255   0 255
255   0   0 255   0 255 255 255 255 255 255   0 255   0   0 255
255 255   0 213 255   0   0   0   0   0   0 255 213   0 255 255
255 255 255   0   0 255 255 255 255 255 255   0   0 255 255 255
255 255 255 255   0   0   0   0   0   0   0   0 255 255 255 255
255 255 255 255 255 255 255  88  88 255 255 255 255 255 255 255
255 255 255 255 255 255 255  88  88 255 255 255 255 255 255 255
255 255 255 255   0   0   0   0   0   0   0   0 255 255 255 255
255 255 255   0   0 255 255 255 255 255 255   0   0 255 255 255
255 255   0 213 255   0   0   0   0   0   0 255 213   0 255 255
255   0   0 255   0 255 255 255 255 255 255   0 255   0   0 255
255   0 255   0 255 255   0   0   0   0 255 255   0 255   0 255
255   0 255   0 255   0   0   0   0   0   0 255   0 255   0 255
 88   0 255   0 255   0   0   0   0   0   0 255   0 255   0  88
 88   0 255   0 255   0   0   0   0   0   0 255   0 255   0  88
255   0 255   0 255   0   0   0   0   0   0 255   0 255   0 255
255   0 255   0 255 255   0   0   0   0 255 255   0 255   0 255
255   0   0 255   0 255 255 255 255 255 255   0 255   0   0 255
255 255   0 213 255   0   0   0   0   0   0 255 213   0 255 255
255 255 255   0   0 255 255 255 255 255 255   0   0 255 255 255
255 255 255 255   0   0   0   0   0   0   0   0 255 255 255 255
255 255 255 255 255 255 255  88  88 255 255 255 255 255 255 255

255 255 255 255 255 255 255  88  88 255 255 255 255 255 255 255
255 255 255 255   0   0   0   0   0   0   0   0 255 255 255 255
255 255 255   0   0 255 255 255 255 255 255   0   0 255 255 255
255 255   0 213 255   0   0   0   0   0   0 255 213   0 255 255
255   0   0 255   0 255 255 255 255 255 255   0 255   0   0 255
255   0 255   0 255 255   0   0   0   0 255 255   0 255   0 255
255   0 255   0 255   0   0   0   0   0   0 255   0 255   0 255
 88   0 255   0 255   0   0   0   0   0   0 255   0 255   0  88
 88   0 255   0 255   0   0   0   0   0   0 255   0 255   0  88
255   0 255   0 255   0   0   0   0   0   0 255   0 255   0 255
255   0 255   0 255 255   0   0   0   0 255 255   0 255   0 255
255   0   0 255   0 255 255 255 255 255 255   0 255   0   0 255
255 255   0 213 255   0   0   0   0   0   0 255 213   0 255 255
255 255 255   0   0 255 255 255 255 255 255   0   0 255 255 255
255 255 255 255   0   0   0   0   0   0   0   0 255 255 255 255
255 255 255 255 255 255 255  88  88 255 255 255 255 255 255 255
255 255 255 255 255 255 255  88  88 255 255 255 255 255 255 255
255 255 255 255   0   0   0   0   0   0   0   0 255 255 255 255
255 255 255   0   0 255 255 255 255 255 255   0   0 255 255 255
255 255   0 213 255   0   0   0   0   0   0 255 213   0 255 255
255   0   0 255   0 255 255 255 255 255 255   0 255   0   0 255
255   0 255   0 255 255   0   0   0   0 255 255   0 255   0 255
255   0 255   0 255   0   0   0   0   0   0 255   0 255   0 255
 88   0 255   0 255   0   0   0   0   0   0 255   0 255   0  88
 88   0 255   0 255   0   0   0   0   0   0 255   0 255   0  88
255   0 255   0 255   0   0   0   0   0   0 255   0 255   0 255
255   0 255   0 255 255   0   0   0   0 255 255   0 255   0 255
255   0   0 255   0 255 255 255 255 255 255   0 255   0   0 255
255 255   0 213 255   0   0   0   0   0   0 255 213   0 255 255
255 255 255   0   0 255 255 255 255 255 255   0   0 255 255 255
255 255 255 255   0   0   0   0   0   0   0   0 255 255 255 255
255 255 255 255 255 255 255  88  88 255 255 255 255 255 255 255
255 255 255 255 255 255 255  88  88 255 255 255 255 255 255 255
255 255 255 255   0   0   0   0   0   0   0   0 255 255 255 255
255 255 255   0   0 255 255 255 255 255 255   0   0 255 255 255
255 255   0 213 255   0   0   0   0   0   0 255 213   0 255 255
255   0   0 255   0 255 255 255 255 255 255   0 255   0   0 255
255   0 255   0 255 255   0   0   0   0 255 255   0 255   0 255
255   0 255   0 255   0   0   0   0   0   0 255   0 255   0 255
 88   0 255   0 255   0   0   0   0   0   0 255   0 255   0  88
 88   0 255   0 255   0   0   0   0   0   0 255   0 255   0  88
255   0 255   0 255   0   0   0   0   0   0 255   0 255   0 255
255   0 255   0 255 255   0   0   0   0 255 255   0 255   0 255
255   0   0 255   0 255 255 255 255 255 255   0 255   0   0 255
255 255   0 213 255   0   0   0   0   0   0 255 213   0 255 255
255 255 255   0   0 255 255 255 255 255 255   0   0 255 255 255
255 255 255 255   0   0   0   0   0   0   0   0 255 255 255 255
255 255 255 255 255 255 255  88  88 255 255 255 255 255 255 255

255 255 254 252 235 190 136 107 108 138 193 237 252 254 255 255
255 254 243 185  83  44  76 100 100  74  43  87 192 246 254 255
254 243 160  46 110 193 199 189 190 200 192 103  44 169 247 255
252 185  47 133 196 129  89  99  98  88 133 199 127  42 196 255
235  83 110 196 104 158 203 184 184 205 153 102 203 101  82 245
190  44 193 129 158 180  75  19  19  80 187 153 128 199  33 200
136  76 199  89 203  75   2   0   0   2  81 212  76 211  65 140
107 100 189  99 184  19   0   0   0   0  20 198  87 200  93 108
108 100 190  98 184  19   0   0   0   0  21 198  86 200  92 108
138  74 200  88 205  80   2   0   0   3  87 213  75 212  63 143
193  43 192 133 153 187  81  20  21  87 193 147 133 197  31 204
237  87 103 199 102 153 212 198 198 213 147 100 207  94  87 247
252 192  44 127 203 128  76  87  86  75 133 207 120  40 202 255
254 246 169  42 101 199 211 200 200 212 197  94  40 179 249 255
255 254 247 196  82  33  65  93  92  63  31  87 202 249 254 255
255 255 255 255 245 200 140 108 108 143 204 247 255 255 255 255
255 255 254 252 235 190 136 107 108 138 193 237 252 254 255 255
255 254 243 185  83  44  76 100 100  74  43  87 192 246 254 255
254 243 160  46 110 193 199 189 190 200 192 103  44 169 247 255
252 185  47 133 196 129  89  99  98  88 133 199 127  42 196 255
235  83 110 196 104 158 203 184 184 205 153 102 203 101  82 245
190  44 193 129 158 180  75  19  19  80 187 153 128 199  33 200
136  76 199  89 203  75   2   0   0   2  81 212  76 211  65 140
107 100 189  99 184  19   0   0   0   0  20 198  87 200  93 108
108 100 190  98 184  19   0   0   0   0  21 198  86 200  92 108
138  74 200  88 205  80   2   0   0   3  87 213  75 212  63 143
193  43 192 133 153 187  81  20  21  87 193 147 133 197  31 204
237  87 103 199 102 153 212 198 198 213 147 100 207  94  87 247
252 192  44 127 203 128  76  87  86  75 133 207 120  40 202 255
254 246 169  42 101 199 211 200 200 212 197  94  40 179 249 255
255 254 247 196  82  33  65  93  92  63  31  87 202 249 254 255
255 255 255 255 245 200 140 108 108 143 204 247 255 255 255 255
255 255 254 252 235 190 136 107 108 138 193 237 252 254 255 255
255 254 243 185  83  44  76 100 100  74  43  87 192 246 254 255
254 243 160  46 110 193 199 189 190 200 192 103  44 169 247 255
252 185  47 133 196 129  89  99  98  88 133 199 127  42 196 255
235  83 110 196 104 158 203 184 184 205 153 102 203 101  82 245
190  44 193 129 158 180  75  19  19  80 187 153 128 199  33 200
136  76 199  89 203  75   2   0   0   2  81 212  76 211  65 140
107 100 189  99 184  19   0   0   0   0  20 198  87 200  93 108
108 100 190  98 184  19   0   0   0   0  21 198  86 200  92 108
138  74 200  88 205  80   2   0   0   3  87 213  75 212  63 143
193  43 192 133 153 187  81  20  21  87 193 147 133 197  31 204
237  87 103 199 102 153 212 198 198 213 147 100 207  94  87 247
252 192  44 127 203 128  76  87  86  75 133 207 120  40 202 255
254 246 169  42 101 199 211 200 200 212 197  94  40 179 249 255
255 254 247 196  82  33  65  93  92  63  31  87 202 249 254 255
255 255 255 255 245 200 140 108 108 143 204 247 255 255 255 255

255 255 255 254 242 197 139 108 108 139 196 241 254 255 255 255
255 255 247 194  85  38  70  97  97  71  38  85 193 247 255 255
255 247 169  44 103 196 206 195 195 205 196 103  43 169 247 255
254 195  43 127 201 131  82  94  94  82 131 201 128  43 193 254
242  86 102 202 102 153 209 191 191 209 154 102 201 103  85 241
197  38 196 132 153 187  81  20  20  80 187 154 131 196  38 196
140  70 206  83 209  81   3   0   0   3  80 209  82 205  71 139
109  96 195  93 191  20   0   0   0   0  20 191  94 195  97 108
109  96 195  93 191  20   0   0   0   0  20 191  94 195  97 108
141  70 206  82 209  82   3   0   0   3  81 209  82 206  70 139
198  38 195 132 152 187  82  20  20  81 187 153 131 196  38 196
242  86 102 202 103 152 209 191 191 209 153 102 201 103  85 241
254 195  43 127 202 132  82  93  93  83 132 202 127  44 194 254
255 247 170  44 102 195 206 195 195 206 196 102  43 169 247 255
255 255 247 195  86  38  70  96  96  70  38  86 195 247 255 255
255 255 255 254 242 198 141 109 109 140 197 242 254 255 255 255
255 255 255 254 242 197 139 108 108 139 196 241 254 255 255 255
255 255 247 194  85  38  70  97  97  71  38  85 193 247 255 255
255 247 169  44 103 196 206 195 195 205 196 103  43 169 247 255
254 195  43 127 201 131  82  94  94  82 131 201 128  43 193 254
242  86 102 202 102 153 209 191 191 209 154 102 201 103  85 241
197  38 196 132 153 187  81  20  20  80 187 154 131 196  38 196
140  70 206  83 209  81   3   0   0   3  80 209  82 205  71 139
109  96 195  93 191  20   0   0   0   0  20 191  94 195  97 108
109  96 195  93 191  20   0   0   0   0  20 191  94 195  97 108
141  70 206  82 209  82   3   0   0   3  81 209  82 206  70 139
198  38 195 132 152 187  82  20  20  81 187 153 131 196  38 196
242  86 102 202 103 152 209 191 191 209 153 102 201 103  85 241
254 195  43 127 202 132  82  93  93  83 132 202 127  44 194 254
255 247 170  44 102 195 206 195 195 206 196 102  43 169 247 255
255 255 247 195  86  38  70  96  96  70  38  86 195 247 255 255
255 255 255 254 242 198 141 109 109 140 197 242 254 255 255 255
255 255 255 254 242 197 139 108 108 139 196 241 254 255 255 255
255 255 247 194  85  38  70  97  97  71  38  85 193 247 255 255
255 247 169  44 103 196 206 195 195 205 196 103  43 169 247 255
254 195  43 127 201 131  82  94  94  82 131 201 128  43 193 254
242  86 102 202 102 153 209 191 191 209 154 102 201 103  85 241
197  38 196 131 153 187  81  20  20  80 187 154 131 196  38 196
140  70 206  82 209  81   3   0   0   3  80 209  82 205  71 139
109  96 195  93 191  20   0   0   0   0  20 191  94 195  97 108
109  96 195  93 191  20   0   0   0   0  20 191  94 195  97 108
141  70 206  82 209  82   3   0   0   3  81 209  82 206  70 139
198  38 195 132 152 187  82  20  20  81 187 153 131 196  38 196
242  86 102 202 103 152 209 191 191 209 153 102 201 103  85 241
254 195  43 127 202 132  82  93  93  82 131 202 127  44 194 254
255 247 170  44 102 195 206 195 195 206 196 102  43 169 247 255
255 255 247 195  86  38  70  96  96  70  38  86 195 247 255 255
255 255 255 254 242 198 141 109 109 140 197 242 254 255 255 255
