255 255 255 255 255 255 255 255 255 255 255 255 255 255 255 255
255   7 255 255 255 255 255 255 255 255 255 255 255 255   7 255
255 255   7 255 255 255 255 255 255 255 255 255 255   7 255 255
255 255 255   7   7 255 255 255 255 255 255   7   7 255 255 255
255 255 255   7   7   7   7   7   7   7   7   7   7 255 255 255
255 255 255 255   7 255   7   7   7   7 255   7 255 255 255 255
255 255 255 255   7   7 255 255 255 255   7   7 255 255 255 255
255 255 255 255   7   7 255 255 255 255   7   7 255 255 255 255
255 255 255 255   7   7 255 255 255 255   7   7 255 255 255 255
255 255 255 255   7   7 255 255 255 255   7   7 255 255 255 255
255 255 255 255   7 255   7   7   7   7 255   7 255 255 255 255
255 255 255   7   7   7   7   7   7   7   7   7   7 255 255 255
255 255 255   7   7 255 255 255 255 255 255   7   7 255 255 255
255 255   7 255 255 255 255 255 255 255 255 255 255   7 255 255
255   7 255 255 255 255 255 255 255 255 255 255 255 255   7 255
255 255 255 255 255 255 255 255 255 255 255 255 255 255 255 255
255 255 255 255 255 255 255 255 255 255 255 255 255 255 255 255
255   7 255 255 255 255 255 255 255 255 255 255 255 255   7 255
255 255   7 255 255 255 255 255 255 255 255 255 255   7 255 255
255 255 255   7   7 255 255 255 255 255 255   7   7 255 255 255
255 255 255   7   7   7   7   7   7   7   7   7   7 255 255 255
255 255 255 255   7 255   7   7   7   7 255   7 255 255 255 255
255 255 255 255   7   7 255 255 255 255   7   7 255 255 255 255
255 255 255 255   7   7 255 255 255 255   7   7 255 255 255 255
255 255 255 255   7   7 255 255 255 255   7   7 255 255 255 255
255 255 255 255   7   7 255 255 255 255   7   7 255 255 255 255
255 255 255 255   7 255   7   7   7   7 255   7 255 255 255 255
255 255 255   7   7   7   7   7   7   7   7   7   7 255 255 255
255 255 255   7   7 255 255 255 255 255 255   7   7 255 255 255
255 255   7 255 255 255 255 255 255 255 255 255 255   7 255 255
255   7 255 255 255 255 255 255 255 255 255 255 255 255   7 255
255 255 255 255 255 255 255 255 255 255 255 255 255 255 255 255
255 255 255 255 255 255 255 255 255 255 255 255 255 255 255 255
255   4 255 255 255 255 255 255 255 255 255 255 255 255   4 255
255 255   4 255 255 255 255 255 255 255 255 255 255   4 255 255
255 255 255   4   4 255 255 255 255 255 255   4   4 255 255 255
255 255 255   4   4   4   4   4   4   4   4   4   4 255 255 255
255 255 255 255   4 255   4   4   4   4 255   4 255 255 255 255
255 255 255 255   4   4 255 255 255 255   4   4 255 255 255 255
255 255 255 255   4   4 255 255 255 255   4   4 255 255 255 255
255 255 255 255   4   4 255 255 255 255   4   4 255 255 255 255
255 255 255 255   4   4 255 255 255 255   4   4 255 255 255 255
255 255 255 255   4 255   4   4   4   4 255   4 255 255 255 255
255 255 255   4   4   4   4   4   4   4   4   4   4 255 255 255
255 255 255   4   4 255 255 255 255 255 255   4   4 255 255 255
255 255   4 255 255 255 255 255 255 255 255 255 255   4 255 255
255   4 255 255 255 255 255 255 255 255 255 255 255 255   4 255
255 255 255 255 255 255 255 255 255 255 255 255 255 255 255 255

255 255 255 255 255 255 255 255 255 255 255 255 255 255 255 255
255   7 255 255 255 255 255 255 255 255 255 255 255 255   7 255
255 255   7 255 255 255 255 255 255 255 255 255 255   7 255 255
255 255 255   7   7 255 255 255 255 255 255   7   7 255 255 255
255 255 255   7   7   7   7   7   7   7   7   7   7 255 255 255
255 255 255 255   7 255   7   7   7   7 255   7 255 255 255 255
255 255 255 255   7   7 255 255 255 255   7   7 255 255 255 255
255 255 255 255   7   7 255 255 255 255   7   7 255 255 255 255
255 255 255 255   7   7 255 255 255 255   7   7 255 255 255 255
255 255 255 255   7   7 255 255 255 255   7   7 255 255 255 255
255 255 255 255   7 255   7   7   7   7 255   7 255 255 255 255
255 255 255   7   7   7   7   7   7   7   7   7   7 255 255 255
255 255 255   7   7 255 255 255 255 255 255   7   7 255 255 255
255 255   7 255 255 255 255 255 255 255 255 255 255   7 255 255
255   7 255 255 255 255 255 255 255 255 255 255 255 255   7 255
255 255 255 255 255 255 255 255 255 255 255 255 255 255 255 255
255 255 255 255 255 255 255 255 255 255 255 255 255 255 255 255
255   7 255 255 255 255 255 255 255 255 255 255 255 255   7 255
255 255   7 255 255 255 255 255 255 255 255 255 255   7 255 255
255 255 255   7   7 255 255 255 255 255 255   7   7 255 255 255
255 255 255   7   7   7   7   7   7   7   7   7   7 255 255 255
255 255 255 255   7 255   7   7   7   7 255   7 255 255 255 255
255 255 255 255   7   7 255 255 255 255   7   7 255 255 255 255
255 255 255 255   7   7 255 255 255 255   7   7 255 255 255 255
255 255 255 255   7   7 255 255 255 255   7   7 255 255 255 255
255 255 255 255   7   7 255 255 255 255   7   7 255 255 255 255
255 255 255 255   7 255   7   7   7   7 255   7 255 255 255 255
255 255 255   7   7   7   7   7   7   7   7   7   7 255 255 255
255 255 255   7   7 255 255 255 255 255 255   7   7 255 255 255
255 255   7 255 255 255 255 255 255 255 255 255 255   7 255 255
255   7 255 255 255 255 255 255 255 255 255 255 255 255   7 255
255 255 255 255 255 255 255 255 255 255 255 255 255 255 255 255
255 255 255 255 255 255 255 255 255 255 255 255 255 255 255 255
255   4 255 255 255 255 255 255 255 255 255 255 255 255   4 255
255 255   4 255 255 255 255 255 255 255 255 255 255   4 255 255
255 255 255   4   4 255 255 255 255 255 255   4   4 255 255 255
255 255 255   4   4   4   4   4   4   4   4   4   4 255 255 255
255 255 255 255   4 255   4   4   4   4 255   4 255 255 255 255
255 255 255 255   4   4 255 255 255 255   4   4 255 255 255 255
255 255 255 255   4   4 255 255 255 255   4   4 255 255 255 255
255 255 255 255   4   4 255 255 255 255   4   4 255 255 255 255
255 255 255 255   4   4 255 255 255 255   4   4 255 255 255 255
255 255 255 255   4 255   4   4   4   4 255   4 255 255 255 255
255 255 255   4   4   4   4   4   4   4   4   4   4 255 255 255
255 255 255   4   4 255 255 255 255 255 255   4   4 255 255 255
255 255   4 255 255 255 255 255 255 255 255 255 255   4 255 255
255   4 255 255 255 255 255 255 255 255 255 255 255 255   4 255
255 255 255 255 255 255 255 255 255 255 255 255 255 255 255 255

254 249 253 255 255 255 255 255 255 255 255 255 255 253 249 254
249 188 211 247 254 255 255 255 255 255 255 254 246 208 187 254
253 211  78 160 226 251 254 255 255 254 251 224 157  72 220 255
255 247 160  28  87 182 207 222 221 206 180  80  25 170 251 255
255 254 226  87  12  25  51  87  86  49  25  11  92 234 254 255
255 255 251 182  25  52  61  31  32  63  49  24 194 252 255 255
255 255 254 207  51  61 154 150 152 152  53  54 218 254 255 255
255 255 255 222  87  31 150 252 252 140  27  92 229 255 255 255
255 255 255 221  86  32 152 252 253 142  28  91 229 255 255 255
255 255 254 206  49  63 152 140 142 152  55  51 217 254 255 255
255 255 251 180  25  49  53  27  28  55  48  23 193 252 255 255
255 254 224  80  11  24  54  92  91  51  23  10  85 233 254 255
255 246 157  25  92 194 218 229 229 217 193  85  23 166 250 255
253 208  72 170 234 252 254 255 255 254 252 233 166  66 219 255
249 187 220 251 254 255 255 255 255 255 255 254 250 219 184 254
254 254 255 255 255 255 255 255 255 255 255 255 255 255 254 255
254 249 253 255 255 255 255 255 255 255 255 255 255 253 249 254
249 188 211 247 254 255 255 255 255 255 255 254 246 208 187 254
253 211  78 160 226 251 254 255 255 254 251 224 157  72 220 255
255 247 160  28  87 182 207 222 221 206 180  80  25 170 251 255
255 254 226  87  12  25  51  87  86  49  25  11  92 234 254 255
255 255 251 182  25  52  61  31  32  63  49  24 194 252 255 255
255 255 254 207  51  61 154 150 152 152  53  54 218 254 255 255
255 255 255 222  87  31 150 252 252 140  27  92 229 255 255 255
255 255 255 221  86  32 152 252 253 142  28  91 229 255 255 255
255 255 254 206  49  63 152 140 142 152  55  51 217 254 255 255
255 255 251 180  25  49  53  27  28  55  48  23 193 252 255 255
255 254 224  80  11  24  54  92  91  51  23  10  85 233 254 255
255 246 157  25  92 194 218 229 229 217 193  85  23 166 250 255
253 208  72 170 234 252 254 255 255 254 252 233 166  66 219 255
249 187 220 251 254 255 255 255 255 255 255 254 250 219 184 254
254 254 255 255 255 255 255 255 255 255 255 255 255 255 254 255
254 249 253 255 255 255 255 255 255 255 255 255 255 253 249 254
249 188 210 247 254 255 255 255 255 255 255 254 246 208 186 254
253 210  75 159 226 251 254 255 255 254 251 224 155  70 220 255
255 247 159  25  85 181 207 221 221 205 179  78  23 169 250 255
255 254 226  85   9  23  49  85  84  46  22   8  90 233 254 255
255 255 251 181  23  49  59  28  29  61  47  21 194 252 255 255
255 255 254 207  49  59 152 149 150 151  50  51 218 254 255 255
255 255 255 221  85  28 149 252 252 139  24  90 229 255 255 255
255 255 255 221  84  29 150 252 253 141  25  89 229 255 255 255
255 255 254 205  46  61 151 139 141 152  52  49 217 254 255 255
255 255 251 179  22  47  50  24  25  52  45  21 193 252 255 255
255 254 224  78   8  21  51  90  89  49  21   7  83 233 254 255
255 246 155  23  90 194 218 229 229 217 193  83  21 165 250 255
253 208  70 169 233 252 254 255 255 254 252 233 165  64 218 255
249 186 220 250 254 255 255 255 255 255 255 254 250 218 183 254
254 254 255 255 255 255 255 255 255 255 255 255 255 255 254 255

255 252 254 255 255 255 255 255 255 255 255 255 255 254 252 255
252 187 214 249 255 255 255 255 255 255 255 255 249 215 187 252
254 215  72 163 229 252 255 255 255 255 252 230 163  72 215 254
255 249 165  26  85 187 212 226 226 212 188  86  26 163 249 255
255 255 230  87  11  25  51  89  89  51  25  11  86 230 255 255
255 255 252 189  25  50  58  30  30  58  50  25 188 252 255 255
255 255 255 213  53  58 153 147 147 154  58  51 212 255 255 255
255 255 255 226  90  30 146 253 253 147  30  89 226 255 255 255
255 255 255 226  90  30 146 253 253 147  30  89 226 255 255 255
255 255 255 213  52  58 153 146 146 153  58  51 212 255 255 255
255 255 252 188  25  50  58  30  30  58  50  25 187 252 255 255
255 255 230  87  11  25  52  90  90  53  25  11  85 229 255 255
255 249 164  26  87 188 213 226 226 213 189  87  26 163 249 255
254 215  73 164 230 252 255 255 255 255 252 230 165  72 214 254
252 188 215 249 255 255 255 255 255 255 255 255 249 215 187 252
255 252 254 255 255 255 255 255 255 255 255 255 255 254 252 255
255 252 254 255 255 255 255 255 255 255 255 255 255 254 252 255
252 187 214 249 255 255 255 255 255 255 255 255 249 215 187 252
254 215  72 163 229 252 255 255 255 255 252 230 163  72 215 254
255 249 165  26  85 187 212 226 226 212 188  86  26 163 249 255
255 255 230  87  11  25  51  89  89  51  25  11  86 230 255 255
255 255 252 189  25  50  58  30  30  58  50  25 188 252 255 255
255 255 255 213  53  58 153 147 147 154  58  51 212 255 255 255
255 255 255 226  90  30 146 253 253 147  30  89 226 255 255 255
255 255 255 226  90  30 146 253 253 147  30  89 226 255 255 255
255 255 255 213  52  58 153 146 146 153  58  51 212 255 255 255
255 255 252 188  25  50  58  30  30  58  50  25 187 252 255 255
255 255 230  87  11  25  52  90  90  53  25  11  85 229 255 255
255 249 164  26  87 188 213 226 226 213 189  87  26 163 249 255
254 215  73 164 230 252 255 255 255 255 252 230 165  72 214 254
252 188 215 249 255 255 255 255 255 255 255 255 249 215 187 252
255 252 254 255 255 255 255 255 255 255 255 255 255 254 252 255
255 252 254 255 255 255 255 255 255 255 255 255 255 254 252 255
252 187 214 249 255 255 255 255 255 255 255 255 249 214 186 252
254 215  70 161 229 252 255 255 255 255 252 229 162  70 214 254
255 249 163  23  84 187 212 225 225 212 187  84  23 162 249 255
255 255 230  85   8  22  48  86  87  49  22   8  84 229 255 255
255 255 252 187  22  47  56  28  27  56  47  22 187 252 255 255
255 255 255 212  50  56 152 146 146 153  56  49 212 255 255 255
255 255 255 226  88  27 144 253 253 146  27  87 225 255 255 255
255 255 255 226  88  27 145 253 253 146  28  86 225 255 255 255
255 255 255 212  50  56 152 145 144 152  56  48 212 255 255 255
255 255 252 187  22  47  56  27  27  56  47  22 187 252 255 255
255 255 230  85   8  22  50  88  88  50  22   8  84 229 255 255
255 249 162  23  85 187 212 226 226 212 187  85  23 161 249 255
254 215  70 162 230 252 255 255 255 255 252 230 163  70 214 254
252 187 215 249 255 255 255 255 255 255 255 255 249 215 187 252
255 252 254 255 255 255 255 255 255 255 255 255 255 254 252 255
